Porosity (%)	Depth (m)
6.790299572	3038.213931
7.817403709	3038.361081
2.282453638	2871.378996
1.940085592	2857.003299
5.363766049	2860.359127
5.991440799	2866.179711
15.97717546	2873.340991
16.83309558	2867.732956
17.57489301	2867.839231
20.37089872	2564.514876
20.82738944	2533.061652
22.53922967	2567.690855
23.68045649	2533.4704
24.47931526	2533.58485
25.56348074	2533.740175
19.28673324	2532.840927
18.94436519	2532.791877
21.62624822	2415.697591
24.19400856	2353.028216
21.56918688	2283.884259
16.77603424	2566.865182
16.83309558	2532.489403
14.7788873	2649.673614
14.15121255	2649.583689
13.35235378	2649.46924
12.38231098	2652.195595
11.86875892	2652.12202
11.12696148	2652.015745
11.52639087	2652.07297
5.820256776	2677.043438
6.04850214	2645.557513
4.907275321	2656.855332
4.336661912	2651.042923
2.510699001	2656.511982
1.141226819	2538.837273
1.997146933	2533.229239
4.336661912	2536.429742
4.736091298	2536.486967
5.021398003	2499.278558
5.991440799	2496.552203
6.105563481	2536.683166
7.303851641	2536.854841
7.817403709	2536.928416
8.673323823	2531.320381
0.970042796	2375.488966
1.19828816	2286.696451
4.507845934	2358.803837
3.594864479	2341.481061
4.393723252	2284.28892
3.594864479	2307.097106
2.168330956	2137.838291
2.510699001	2137.887341
3.309557775	2140.86712
1.768901569	2137.781066
5.991440799	1780.219825
3.823109843	1728.333245
7.87446505	1769.028281
9.586305278	1789.330837
8.616262482	1883.747737
10.44222539	1884.009336
11.12696148	1889.838095
11.92582026	1889.952544
12.2681883	1878.540276
12.83880171	1878.622026
13.18116976	1884.401735
14.20827389	1887.414214
15.34950071	1881.847054
16.49072753	1882.010554
17.23252496	1916.500783
16.94721826	1993.823805
17.9743224	1885.088433
18.43081312	1885.153833
19.5149786	1879.578498
21.39800285	1879.848272
24.65049929	1785.758372
25.5064194	1765.82369
25.16405136	1725.660027
27.44650499	1731.717685
27.21825963	1731.684985
26.87589158	1731.635936
26.19115549	1748.729813
26.19115549	1731.537836
25.73466476	1725.741777
28.18830243	1577.096166
29.50071327	1574.418861
29.95720399	1560.157614
30.29957204	1577.398641
31.09843081	1568.917102
31.55492154	1560.386513
31.72610556	1577.603015
36.29101284	1512.354434
35.32097004	1515.080789
11.0128388	2136.240083
9.643366619	2138.909213
12.38231098	2004.631125
11.81169757	2004.549375
10.89871612	1998.687916
10.38516405	1995.749012
9.015691869	2001.283471
8.5021398	2001.209897
14.32239658	2130.983572
14.32239658	2194.020822
15.23537803	2194.151621
23.62339515	1456.098329
22.65335235	1501.804626
22.19686163	1521.796533
21.05563481	1518.767704
20.71326676	1570.294585
21.39800285	1573.258015
21.96861626	1559.013117
22.53922967	1553.364207
22.42510699	1582.001153
22.53922967	1570.556185
18.65905849	1564.269627
19.34379458	1567.233056
7.931526391	2786.228433
8.330955777	2786.285658
7.589158345	2869.273939
7.817403709	2869.306639
8.159771755	2869.355689
8.616262482	2863.69043
8.958630528	2875.200798
9.529243937	2863.82123
9.757489301	2863.85393
10.21398003	2863.919329
11.0128388	2869.764438
11.58345221	2864.115529
12.03994294	2864.180929
12.2681883	2864.213629
12.72467903	2864.279028
13.46647646	2861.519974
13.58059914	2875.862971
13.98002853	2864.458878
14.32239658	2864.507928
9.07275321	2783.526603
9.415121255	2783.575653
9.643366619	2783.608353
10.09985735	2783.673753
10.55634807	2783.739153
11.0128388	2778.073894
11.35520685	2778.122943
11.69757489	2778.171993
6.790299572	2668.586424
7.018544936	2668.619124
7.360912981	2662.937515
7.703281027	2668.717223
7.931526391	2668.749923
8.5021398	2668.831673
9.07275321	2651.721446
9.300998573	2663.215464
9.643366619	2668.995173
9.643366619	2646.072537
9.985734665	2651.852245
1.768901569	2306.835507
1.768901569	2295.374189
2.339514979	2295.455939
2.339514979	2312.647916
2.910128388	2301.268348
2.910128388	2289.80703
3.366619116	2295.603089
5.420827389	2353.203978
5.763195435	2341.79171
5.877318117	2381.922673
6.105563481	2318.918124
6.562054208	2301.791546
6.105563481	2278.80351
5.649072753	2278.738111
5.649072753	2290.199429
5.649072753	2301.660747
7.2467903	2382.118872
8.159771755	2387.980331
9.415121255	2399.621499
9.871611983	2371.033603
9.757489301	2342.363958
8.159771755	2365.057695
7.360912981	2359.212586
7.132667618	2347.718568
7.132667618	2319.065273
7.703281027	2296.224387
8.045649073	2284.812119
8.616262482	2284.893868
8.958630528	2284.942918
9.415121255	2273.547
9.415121255	2325.122931
8.159771755	2324.943082
8.730385164	2319.294172
8.730385164	2342.216809
9.186875892	2348.012867
9.529243937	2302.216645
9.985734665	2285.090068
10.21398003	2308.045404
10.55634807	2279.441159
8.958630528	2491.246643
9.186875892	2491.279343
9.529243937	2497.059052
10.44222539	2491.459193
10.67047076	2491.491892
11.58345221	2491.622692
11.81169757	2503.11671
12.15406562	2491.704442
12.72467903	2508.978169
12.83880171	2508.994519
12.83880171	2491.802542
13.40941512	2497.61495
14.09415121	2509.174368
14.09415121	2486.251732
14.43651926	2497.7621
15.23537803	2509.337868
14.89300999	2537.942113
14.55064194	2537.893063
14.7788873	2566.579058
15.80599144	2509.419617
16.37660485	2503.770708
11.0128388	2399.850398
11.0128388	2382.658421
11.0128388	2359.735785
11.0128388	2336.813149
11.24108417	2313.923212
11.0128388	2296.698535
11.0128388	2268.04524
11.58345221	2273.857649
11.69757489	2302.527294
12.15406562	2331.245989
11.81169757	2342.658257
11.58345221	2354.086875
11.58345221	2382.740171
11.69757489	2399.948498
12.03994294	2399.997548
12.61055635	2405.809956
13.29529244	2405.908056
13.92296719	2405.997981
14.20827389	2394.577538
14.7788873	2388.928628
15.4636234	2400.488046
15.69186876	2400.520746
16.14835949	2400.586146
16.37660485	2400.618846
16.83309558	2372.03095
17.17546362	2349.157364
17.51783167	2349.206414
18.08844508	2297.712233
18.54493581	2294.912303
18.88730385	2292.096023
19.2296719	2297.875732
19.2296719	2297.875732
19.68616262	2297.941132
20.14265335	2298.006532
20.14265335	2275.083896
19.80028531	2269.304187
19.00142653	2257.728419
18.65905849	2257.679369
19.34379458	2263.508128
18.31669044	2257.630319
17.74607703	2286.201865
16.94721826	2286.087415
16.7189729	2286.054715
17.28958631	2291.867124
16.14835949	2285.972965
15.69186876	2285.907566
15.23537803	2280.111507
14.55064194	2274.282748
14.09415121	2274.217348
13.63766049	2274.151948
13.18116976	2274.086548
12.95292439	2279.784508
12.49643367	2291.180426
12.38231098	2308.356053
12.72467903	2325.59708
13.18116976	2314.201162
13.75178317	2297.090934
14.09415121	2302.870643
14.43651926	2302.919693
15.00713267	2314.462761
15.23537803	2331.687438
15.57774608	2331.736488
16.0342368	2308.879251
16.26248217	2320.373269
16.83309558	2320.455019
17.17546362	2326.234728
16.60485021	2343.344955
16.0342368	2343.263206
16.14835949	2366.202192
15.4636234	2371.834751
15.12125535	2354.593724
14.7788873	2331.622038
14.43651926	2325.842329
13.75178317	2325.744229
13.63766049	2331.458539
14.32239658	2348.748615
14.43651926	2365.956942
14.09415121	2371.638552
13.5235378	2365.826143
13.29529244	2354.332125
12.83880171	2342.805407
12.38231098	2359.931984
12.03994294	2377.074911
12.38231098	2377.123961
13.06704708	2382.95272
13.63766049	2383.03447
14.7788873	2285.776766
15.4636234	2194.184321
15.69186876	2194.217021
15.92011412	2205.711039
16.26248217	2205.760089
16.7189729	2205.825489
17.28958631	2194.44592
17.9743224	2194.54402
17.63195435	2194.49497
18.54493581	2194.62577
19.00142653	2194.69117
19.34379458	2183.278902
18.43081312	2183.148102
19.68616262	2177.597292
16.7189729	2188.633512
16.0342368	2177.074094
15.12125535	2136.828681
15.57774608	2125.432763
16.14835949	2136.975831
16.60485021	2125.579912
17.06134094	2137.10663
17.51783167	2137.17203
18.08844508	2125.792462
18.20256776	2143.000789
18.54493581	2143.049839
18.77318117	2131.621221
19.2296719	2125.955961
19.57203994	2137.466329
19.91440799	2131.78472
20.37089872	2131.85012
20.71326676	2131.89917
10.21398003	1729.248842
10.32810271	1757.918487
10.55634807	1763.681846
10.89871612	1780.922873
11.0128388	1792.400541
11.35520685	1786.718932
11.24108417	1769.510605
11.24108417	1752.318628
11.0128388	1740.82461
11.46932953	1723.698033
11.69757489	1763.845346
12.03994294	1781.086373
12.72467903	1792.64579
12.38231098	1769.674105
12.38231098	1746.751468
12.38231098	1723.828832
12.72467903	1723.877882
13.06704708	1752.580227
13.06704708	1781.233522
13.63766049	1792.77659
14.20827389	1792.85834
14.55064194	1792.90739
15.23537803	1793.005489
15.69186876	1793.070889
16.60485021	1793.201689
17.17546362	1793.283439
17.86019971	1787.650879
18.54493581	1787.748979
19.11554922	1782.10007
20.4850214	1776.56561
20.14265335	1765.055242
20.59914408	1742.198006
20.59914408	1742.198006
21.16975749	1742.279756
20.82738944	1742.230706
19.68616262	1742.067206
19.00142653	1753.430425
18.31669044	1753.332325
17.86019971	1736.074948
17.28958631	1730.262539
16.94721826	1730.21349
16.60485021	1724.433781
16.14835949	1724.368381
15.4636234	1724.270281
14.7788873	1724.172181
14.43651926	1724.123132
13.63766049	1724.008682
13.40941512	1729.706641
13.75178317	1752.678327
14.20827389	1758.474386
14.55064194	1764.254095
15.00713267	1764.319494
15.4636234	1752.923576
15.80599144	1764.433944
16.0342368	1770.197303
16.60485021	1770.279053
17.17546362	1770.360803
17.74607703	1764.711893
17.28958631	1753.185175
16.7189729	1747.372767
16.26248217	1741.576708
15.4636234	1741.462258
14.55064194	1741.331459
14.20827389	1741.282409
21.85449358	1742.377856
22.19686163	1742.426905
22.65335235	1742.492305
22.9957204	1731.080037
22.9957204	1748.272014
22.65335235	1765.414941
22.65335235	1782.606918
22.9957204	1794.117286
23.45221113	1794.182686
23.22396576	1776.958009
26.19115549	1576.810042
26.53352354	1582.589751
24.36519258	1473.39658
24.70756063	1461.984312
24.93580599	1462.017012
25.62054208	1462.115112
26.07703281	1467.911171
26.07703281	1502.295125
26.87589158	1496.678916
27.10413695	1513.903592
26.64764622	1456.531602
27.44650499	1462.376711
27.67475036	1479.601388
28.24536377	1496.875115
28.70185449	1496.940515
28.70185449	1468.28722
28.24536377	1456.760502
29.38659058	1468.385319
29.72895863	1474.165028
29.95720399	1457.005751
30.41369472	1468.532469
31.09843081	1485.822546
30.87018545	1502.981823
30.64194009	1514.410441
31.55492154	1480.157287
31.89728959	1480.206336
32.69614836	1451.667491
32.12553495	1468.777718
31.7831669	1508.843282
32.12553495	1508.892331
32.467903	1491.749404
32.69614836	1480.320786
33.15263909	1480.386186
33.49500713	1474.704577
33.26676177	1514.78649
33.49500713	1514.81919
33.95149786	1509.153931
34.40798859	1509.219331
34.75035663	1509.26838
34.86447932	1497.823412
34.86447932	1457.708799
35.54921541	1480.729535
35.32097004	1480.696835
34.52211127	1480.582385
34.29386591	1474.819026
34.86447932	1480.631435
20.4850214	1484.302
20.71326676	1455.681405
20.37089872	1472.824332
18.77318117	1461.134115
17.9743224	1461.019665
18.43081312	1506.930337
18.08844508	1501.150628
17.51783167	1512.530196
17.74607703	1501.101578
17.06134094	1518.195456
16.94721826	1500.987128
16.60485021	1495.20742
16.37660485	1506.636038
16.49072753	1575.420296
16.94721826	1575.485696
16.83309558	1564.008028
17.28958631	1546.881451
15.80599144	1540.938242
15.69186876	1581.036505
15.23537803	1575.240447
14.43651926	1563.664679
14.09415121	1517.770357
15.00713267	1517.901156
15.4636234	1506.505238
15.00713267	1506.439838
15.80599144	1460.709016
14.43651926	1460.512816
14.32239658	1483.419102
13.86590585	1546.390952
13.18116976	1557.75417
12.72467903	1529.035475
12.72467903	1569.150088
12.49643367	1551.925412
12.2681883	1534.700735
12.03994294	1528.937376
11.46932953	1500.202331
11.0128388	1488.675613
10.67047076	1488.626563
10.09985735	1488.544813
9.529243937	1505.65504
9.186875892	1522.797968
8.616262482	1522.716218
8.958630528	1545.687904
9.529243937	1562.961631
10.55634807	1568.839439
11.0128388	1568.904839
11.35520685	1563.22323
11.81169757	1557.557971
11.12696148	1534.537235
10.09985735	1522.928767
9.643366619	1534.324686
10.21398003	1545.867753
10.55634807	1545.916803
10.67047076	1523.010517
10.21398003	1511.483799
10.89871612	1511.581899
11.35520685	1528.839276
